ID	XL	YL	XR	YR
1	4389.0000	1669.0000	2504.1963	1669.2732
2	3311.0000	1747.0000	1421.7214	1746.8152
3	4694.0000	882.0000	2811.3529	882.0882
4	2886.0000	932.0000	978.8281	944.1542
5	3294.0000	1439.0000	1411.5353	1438.7143
6	3455.0000	1751.0000	1566.7050	1751.1053
7	4427.0000	465.0000	2545.4484	464.9849
8	3315.0000	1705.0000	1426.2221	1705.1650
9	3406.0000	2091.0000	1501.8385	2091.2030
10	3289.0000	1352.0000	1403.5973	1351.8186
11	3267.0000	1480.0000	1384.5485	1480.0527
12	3322.0000	1358.0000	1437.1830	1357.8581
13	3247.0000	1510.0000	1363.9864	1510.5682
14	3214.0000	1349.0000	1330.1379	1349.2802
15	2241.0000	1524.0000	358.4781	1523.7766
16	3151.0000	1544.0000	1267.7655	1544.1693
17	3265.0000	1638.0000	1380.4164	1638.2321
18	2623.0000	910.0000	733.1145	918.8145
19	3321.0000	1524.0000	1438.2583	1524.0319
20	2616.0000	1038.0000	715.5921	1027.0864
21	3256.0000	1362.0000	1371.0690	1361.6338
22	4786.0000	1749.0000	2899.2603	1749.2247
23	4455.0000	3338.0000	2556.9838	3337.8611
24	3887.0000	1889.0000	1984.6488	1889.2859
25	2288.0000	1482.0000	404.2818	1482.0542
26	3304.0000	2150.0000	1398.9275	2150.1028
27	3592.0000	3469.0000	1687.8867	3469.0462
28	3334.0000	2083.0000	1429.7210	2082.9768
29	4630.0000	2705.0000	2732.1591	2705.0896
30	4920.0000	1738.0000	3035.2603	1738.0754
31	3796.0000	3613.0000	1896.7139	3612.7904
32	2751.0000	1757.0000	867.4506	1757.2057
33	4582.0000	2717.0000	2683.9711	2717.1300
34	3323.0000	1317.0000	1440.2146	1317.0549
35	4566.0000	2585.0000	2667.1899	2585.2774
36	4275.0000	1902.0000	2370.1335	1902.2108
37	3258.0000	1456.0000	1374.9948	1456.0160
38	4241.0000	4050.0000	2355.3059	4057.8295
39	5060.0000	2423.0000	3156.8870	2423.1048
40	2569.0000	3801.0000	674.6215	3801.3004
41	4904.0000	1800.0000	2995.8648	1800.0504
42	2740.0000	1691.0000	857.9284	1691.3546
43	3811.0000	2997.0000	1915.5728	2984.7183
44	4015.0000	1899.0000	2110.1713	1899.0795
45	4820.0000	1738.0000	2934.9702	1738.2494
46	5037.0000	2326.0000	3130.2536	2325.8664
47	3910.0000	3715.0000	2020.4663	3715.0609
48	4783.0000	1846.0000	2874.5002	1845.9498
49	4136.0000	3408.0000	2235.3042	3408.2107
50	3092.0000	2095.0000	1185.9600	2095.2060
51	3796.0000	1868.0000	1893.4962	1868.0314
52	3356.0000	1901.0000	1463.4682	1901.3253
53	4827.0000	1809.0000	2919.3243	1809.0459
54	4592.0000	2476.0000	2685.7246	2476.1364
55	4301.0000	3601.0000	2415.5113	3601.0310
56	4092.0000	1894.0000	2186.8362	1894.0907
57	4847.0000	1739.0000	2961.9036	1739.0364
58	4486.0000	3501.0000	2588.7692	3500.8500
59	3053.0000	2078.0000	1146.2201	2078.2194
60	3197.0000	2037.0000	1296.3481	2036.9461
61	2785.0000	859.0000	902.5295	861.4977
62	4312.0000	2253.0000	2408.1986	2253.1271
63	4974.0000	1730.0000	3089.1227	1729.9909
64	4240.0000	1906.0000	2335.5591	1906.3615
65	3913.0000	3554.0000	2012.8397	3553.9516
66	2440.0000	4083.0000	547.2742	4082.7795
67	4081.0000	1960.0000	2175.0103	1960.2614
68	3876.0000	3483.0000	1974.4691	3483.2217
69	4608.0000	1823.0000	2701.8744	1822.7648
70	4972.0000	4155.0000	3088.9248	4154.6758
71	3352.0000	1708.0000	1462.7483	1707.8528
72	4151.0000	3491.0000	2256.7918	3490.5546
73	4637.0000	2205.0000	2741.4238	2192.8917
74	4333.0000	2188.0000	2428.2688	2188.1856
75	5002.0000	1782.0000	3095.1150	1782.1084
76	4054.0000	1894.0000	2149.2844	1894.4738
77	4398.0000	1892.0000	2491.8594	1891.9319
78	4628.0000	2372.0000	2721.9752	2372.0287
79	4595.0000	2693.0000	2696.6157	2693.0932
80	4868.0000	1795.0000	2960.7744	1794.9869
81	4589.0000	3586.0000	2693.9242	3585.8001
82	4758.0000	2842.0000	2860.4081	2842.1416
83	4684.0000	2733.0000	2785.8665	2733.2133
84	4726.0000	1890.0000	2817.6846	1890.2378
85	5065.0000	4024.0000	3181.2668	4020.8342
86	4880.0000	2313.0000	2973.4824	2313.2132
87	4031.0000	3353.0000	2130.9292	3353.0626
88	4015.0000	1940.0000	2109.0587	1940.1142
89	3167.0000	747.0000	1270.9525	740.5296
90	4595.0000	3556.0000	2699.7025	3555.8065
91	3498.0000	1712.0000	1611.9262	1712.2584
92	2893.0000	148.0000	1001.9159	150.3831
93	4325.0000	2278.0000	2420.7671	2278.0958
94	2310.0000	3890.0000	414.9970	3889.6461
95	2652.0000	1752.0000	769.3043	1752.1691
96	3887.0000	3531.0000	1985.6241	3531.0525
97	4398.0000	3374.0000	2499.5582	3374.0445
98	3394.0000	2044.0000	1493.1900	2044.1412
99	3778.0000	2448.0000	1878.5074	2448.2965
100	3279.0000	1530.0000	1396.6056	1530.0441
101	4416.0000	1781.0000	2533.2325	1781.1643
102	3888.0000	3695.0000	2000.1819	3695.0750
103	3481.0000	5003.0000	1581.8419	5002.4434
104	4298.0000	2173.0000	2394.2692	2173.2147
105	4371.0000	2353.0000	2467.0630	2353.2370
106	4236.0000	3420.0000	2336.0766	3420.2697
107	4685.0000	2552.0000	2783.5608	2552.4761
108	3908.0000	3394.0000	2006.7896	3394.0097
109	4512.0000	2439.0000	2607.9787	2439.1638
110	5068.0000	1376.0000	3186.4821	1375.9873
111	3553.0000	2198.0000	1648.2562	2198.2216
112	3453.0000	2203.0000	1548.2763	2203.1573
113	3721.0000	1873.0000	1818.2514	1873.1554
114	2679.0000	1705.0000	771.9507	1714.1032
115	3488.0000	2216.0000	1583.6556	2216.1662
116	2528.0000	3820.0000	633.9281	3820.2051
117	4072.0000	1932.0000	2166.5572	1932.1590
118	4890.0000	1741.0000	3004.9966	1740.8865
119	2835.0000	1717.0000	952.7662	1717.1440
120	4554.0000	3324.0000	2656.2466	3324.0590
121	1963.0000	1810.0000	78.6842	1809.8467
122	2804.0000	1794.0000	919.5382	1794.3211
123	2811.0000	1677.0000	928.7034	1677.2230
124	3946.0000	3591.0000	2059.1638	3590.8053
125	4518.0000	3516.0000	2621.7395	3515.7151
126	4427.0000	3354.0000	2529.3895	3354.0292
127	2427.0000	1739.0000	543.3665	1739.2120
128	3738.0000	1894.0000	1833.5409	1894.1800
129	4560.0000	1825.0000	2654.3815	1825.1877
130	3696.0000	2301.0000	1792.5899	2301.1723
131	4378.0000	3344.0000	2479.5276	3343.9758
132	4460.0000	3370.0000	2562.7878	3369.9152
133	4255.0000	3575.0000	2357.4249	3575.0139
134	4469.0000	2512.0000	2566.7041	2512.0976
135	5047.0000	1701.0000	3160.6053	1701.1006
136	3240.0000	2134.0000	1335.6093	2134.1476
137	4412.0000	1869.0000	2506.8442	1868.7959
138	3904.0000	2565.0000	2000.7936	2565.2794
139	2552.0000	3828.0000	658.1554	3828.2813
140	5037.0000	4105.0000	3150.0137	4104.6171
141	3348.0000	1647.0000	1464.0514	1647.2909
142	3382.0000	2175.0000	1476.9439	2175.3201
143	3139.0000	893.0000	1256.5140	894.6799
144	2387.0000	3889.0000	492.2457	3889.1626
145	3866.0000	3720.0000	1976.3658	3720.0506
146	4973.0000	1789.0000	3065.9340	1789.0163
147	5048.0000	1414.0000	3151.2015	1408.0528
148	3965.0000	2518.0000	2066.3081	2518.1227
149	2840.0000	1823.0000	954.8793	1823.1713
150	4379.0000	2005.0000	2473.2160	2004.9690
151	5005.0000	1500.0000	3122.3579	1500.2898
152	4830.0000	3551.0000	2923.9012	3550.8832
153	4574.0000	2395.0000	2667.6518	2395.1147
154	4386.0000	1762.0000	2504.1590	1762.3851
155	3574.0000	1714.0000	1690.5011	1714.0422
156	3855.0000	2521.0000	1954.1816	2521.2782
157	2368.0000	3997.0000	461.7361	3997.0678
158	4497.0000	2320.0000	2589.7330	2320.1112
159	3901.0000	2511.0000	2002.9682	2511.2773
160	4758.0000	4170.0000	2874.5368	4169.5262
161	2329.0000	4074.0000	421.8748	4073.9914
162	5011.0000	2266.0000	3105.7563	2266.2787
163	3920.0000	3689.0000	2033.5117	3689.0628
164	3153.0000	1434.0000	1270.9013	1434.0770
165	3068.0000	1751.0000	1183.2172	1751.2291
166	4361.0000	2044.0000	2456.2952	2043.8607
167	2820.0000	1524.0000	938.2623	1523.8798
168	4596.0000	3509.0000	2700.2314	3508.8655
169	3384.0000	1909.0000	1491.5366	1909.1975
170	3528.0000	3583.0000	1624.7529	3583.3088
171	3810.0000	2455.0000	1912.0645	2455.1151
172	2884.0000	3716.0000	979.7362	3716.1757
173	4331.0000	3487.0000	2431.1669	3486.3546
174	4535.0000	3549.0000	2639.4631	3548.7822
175	3990.0000	1941.0000	2083.1095	1940.9585
176	4503.0000	1836.0000	2597.7731	1836.6483
177	5066.0000	2274.0000	3160.1604	2273.3960
178	3513.0000	1618.0000	1629.0575	1618.2155
179	3209.0000	2123.0000	1304.5558	2123.3470
180	4368.0000	1888.0000	2463.3019	1888.2027
181	3559.0000	4721.0000	1676.9689	4720.5392
182	4344.0000	2229.0000	2439.2292	2229.2583
183	4654.0000	3570.0000	2758.2556	3569.7971
184	4706.0000	2567.0000	2807.4550	2567.2149
185	4493.0000	1987.0000	2587.3035	1987.1780
186	4414.0000	3408.0000	2515.6380	3407.9247
187	3780.0000	605.0000	1891.2614	610.6616
188	3306.0000	1635.0000	1421.9364	1635.1275
189	4945.0000	4096.0000	3052.9158	4095.7114
190	4644.0000	2731.0000	2746.1445	2731.0657
191	3960.0000	1912.0000	2061.3361	1913.2838
192	2217.0000	1945.0000	322.2076	1945.0661
193	4247.0000	2433.0000	2344.5728	2433.0655
194	4255.0000	3438.0000	2355.1777	3437.7474
195	4222.0000	2451.0000	2319.9245	2451.1634
196	3817.0000	3701.0000	1928.1171	3701.1623
197	2892.0000	1950.0000	996.5853	1950.1909
198	4450.0000	2063.0000	2545.9999	2063.0996
199	2289.0000	3855.0000	391.7523	3855.0874
