ID	XL	YL	XR	YR
1	573.0000	857.0000	451.8899	821.0231
2	556.0000	952.0000	436.1252	914.8707
3	414.0000	1061.0000	296.2498	1022.1963
4	720.0000	1022.0000	597.7203	983.7793
5	629.0000	883.0000	508.0080	846.7337
6	484.0000	864.0000	364.3265	828.0228
7	296.0000	945.0000	179.9446	908.1357
8	400.0000	927.0000	282.1497	890.3783
9	269.0000	283.0000	150.0694	252.3503
10	258.0000	873.0000	142.6504	837.2643
11	599.0000	930.0000	478.4862	893.1617
12	355.0000	487.0000	235.9746	454.9310
13	171.0000	772.0000	56.6805	737.6755
14	452.0000	889.0000	333.2616	852.8453
15	465.0000	1105.0000	347.1643	1065.5421
16	446.0000	740.0000	327.1539	705.6721
17	623.0000	789.0000	501.6762	753.7567
18	546.0000	355.0000	424.4180	322.9064
19	352.0000	1070.0000	235.8218	1031.1556
20	480.0000	662.0000	360.3348	628.3796
21	221.0000	775.0000	105.3742	740.3959
22	672.0000	628.0000	549.8835	594.1834
23	664.0000	979.0000	542.7585	941.4658
24	517.0000	499.0000	396.0662	466.4190
25	352.0000	884.0000	235.2089	847.9254
26	522.0000	422.0000	400.8390	389.7580
27	584.0000	1085.0000	464.0342	1045.8620
28	285.0000	841.0000	168.8333	805.6286
29	538.0000	562.0000	417.0872	528.8604
30	570.0000	732.0000	449.1727	697.4968
31	549.0000	887.0000	428.3225	850.6680
32	253.0000	804.0000	137.3131	769.2256
33	171.0000	617.0000	55.4770	584.3867
34	514.0000	603.0000	393.5885	569.7185
35	168.0000	986.0000	55.0789	948.6195
36	331.0000	936.0000	214.4289	899.2154
37	136.0000	1147.0000	23.9694	1106.6800
38	332.0000	832.0000	215.3590	796.7309
39	336.0000	1014.0000	219.1616	975.9913
40	291.0000	490.0000	172.0736	457.9725
41	245.0000	635.0000	128.2318	601.9734
42	454.0000	426.0000	333.5978	393.9893
43	558.0000	770.0000	437.1446	735.0505
44	454.0000	586.0000	334.3909	552.9691
45	255.0000	936.0000	140.2345	899.3282
46	278.0000	221.0000	158.4803	190.3880
47	391.0000	875.0000	273.2993	839.1240
48	605.0000	745.0000	483.6635	710.3517
49	643.0000	761.0000	521.4143	725.9950
50	331.0000	63.0000	210.1093	32.4006
51	316.0000	536.0000	197.7221	503.7476
52	272.0000	251.0000	152.7471	220.3898
53	409.0000	519.0000	289.4972	486.5161
54	660.0000	1074.0000	538.5307	1034.9885
55	289.0000	601.0000	171.6777	568.2963
56	210.0000	850.0000	95.4807	814.6068
57	698.0000	841.0000	576.2865	805.2354
58	612.0000	845.0000	490.9775	809.1614
59	339.0000	275.0000	219.2299	244.0914
60	341.0000	230.0000	220.8399	199.2390
61	441.0000	498.0000	320.9332	465.6579
62	616.0000	1038.0000	495.8928	999.7114
63	732.0000	627.0000	609.2645	592.9976
64	442.0000	196.0000	320.5673	164.7094
65	593.0000	791.0000	471.8894	755.8039
66	650.0000	808.0000	528.7571	772.6098
67	563.0000	330.0000	441.1877	298.0129
68	549.0000	403.0000	427.3703	370.6591
69	414.0000	1016.0000	297.0177	978.0585
70	510.0000	890.0000	390.8987	853.7937
71	588.0000	391.0000	466.1179	358.6991
72	454.0000	850.0000	335.5611	814.3840
73	214.0000	727.0000	98.4354	693.0907
74	417.0000	460.0000	297.0312	427.8975
75	519.0000	335.0000	397.7054	303.2217
76	423.0000	827.0000	304.7056	791.7109
77	519.0000	797.0000	399.4836	761.9463
78	191.0000	91.0000	71.6640	61.0608
79	220.0000	159.0000	100.6675	128.8123
80	593.0000	357.0000	471.0564	324.7901
81	455.0000	237.0000	333.6533	205.5976
82	382.0000	558.0000	263.1032	525.3985
83	448.0000	456.0000	327.5981	423.8376
84	518.0000	302.0000	396.5782	270.2958
85	398.0000	799.0000	279.8674	763.9862
86	473.0000	1144.0000	355.3607	1103.9771
87	493.0000	552.0000	372.4978	519.1510
88	200.0000	428.0000	82.8828	396.8223
89	535.0000	1065.0000	416.0313	1026.1121
90	412.0000	259.0000	291.2542	227.7495
91	570.0000	493.0000	448.5587	460.2971
92	335.0000	448.0000	215.5510	416.1237
93	219.0000	1013.0000	105.0904	975.1847
94	208.0000	638.0000	91.9894	605.1159
95	211.0000	886.0000	96.7516	850.1262
96	482.0000	780.0000	362.9363	745.2311
97	376.0000	767.0000	258.2038	732.4228
98	483.0000	594.0000	362.8586	560.8239
99	404.0000	432.0000	283.9396	400.0822
100	529.0000	468.0000	407.8571	435.5196
101	558.0000	917.0000	437.0728	880.2172
102	689.0000	770.0000	567.2850	734.9555
103	519.0000	975.0000	400.0229	937.5719
104	518.0000	109.0000	395.8460	77.7388
105	568.0000	997.0000	448.4845	959.2187
106	222.0000	335.0000	104.1216	304.3083
107	417.0000	577.0000	297.7307	544.1845
108	648.0000	542.0000	525.9766	508.7396
109	716.0000	1152.0000	594.7108	1111.9830
110	307.0000	211.0000	187.1666	180.3513
111	712.0000	870.0000	590.2638	833.8617
112	256.0000	189.0000	136.6419	158.5467
113	612.0000	961.0000	491.2342	923.7110
114	535.0000	743.0000	414.7207	708.4635
115	165.0000	1084.0000	52.6016	1044.9257
116	308.0000	288.0000	188.6427	257.1813
117	263.0000	78.0000	142.8914	47.7260
118	320.0000	482.0000	201.2802	449.9560
119	739.0000	557.0000	616.2624	523.4329
120	246.0000	1129.0000	132.3829	1089.1637
121	568.0000	582.0000	447.0146	548.6177
122	179.0000	650.0000	63.7234	617.0385
123	148.0000	597.0000	32.8265	564.6326
124	232.0000	84.0000	112.3875	53.8831
125	376.0000	207.0000	255.3667	175.9716
126	489.0000	1075.0000	370.7588	1036.0655
127	152.0000	667.0000	37.1657	633.8957
128	671.0000	593.0000	549.0058	559.3838
129	186.0000	828.0000	71.6376	792.9262
130	424.0000	231.0000	303.0024	199.7276
131	306.0000	242.0000	186.2706	211.2818
132	751.0000	600.0000	628.2538	566.1625
133	216.0000	465.0000	98.9181	433.5493
134	643.0000	499.0000	520.9781	466.0448
135	580.0000	819.0000	459.3935	783.4460
136	351.0000	525.0000	232.1608	492.6469
137	420.0000	638.0000	301.1139	604.6561
138	707.0000	1055.0000	585.1736	1016.3559
139	183.0000	954.0000	68.9727	917.1443
140	340.0000	592.0000	222.1092	559.2859
141	245.0000	838.0000	129.4752	802.6563
142	642.0000	957.0000	520.9738	919.7392
143	708.0000	417.0000	585.3479	384.2153
144	285.0000	544.0000	167.4332	511.7264
145	174.0000	1114.0000	61.5852	1074.3836
146	267.0000	143.0000	147.2149	112.6115
147	549.0000	236.0000	427.0767	204.3242
148	582.0000	1137.0000	462.1960	1097.0856
149	637.0000	695.0000	515.5921	660.6780
150	375.0000	819.0000	257.6037	783.8716
151	456.0000	536.0000	335.9075	503.2845
152	392.0000	479.0000	272.2813	446.8220
153	565.0000	274.0000	443.0246	242.1942
154	376.0000	1011.0000	259.0013	972.9540
155	749.0000	514.0000	626.1901	480.6242
156	151.0000	1015.0000	38.0967	977.1387
157	202.0000	670.0000	86.2519	636.7228
158	389.0000	238.0000	268.1406	206.8338
159	524.0000	531.0000	403.1495	498.2411
160	194.0000	793.0000	79.3915	758.2039
161	635.0000	1134.0000	514.3421	1094.0843
162	143.0000	170.0000	24.7875	140.1307
163	570.0000	547.0000	448.6580	513.9480
164	506.0000	1126.0000	386.9315	1086.1420
165	478.0000	988.0000	359.1499	950.2095
166	230.0000	500.0000	112.9739	468.2577
167	153.0000	563.0000	37.6461	530.9603
168	730.0000	940.0000	608.2161	903.0023
169	597.0000	692.0000	476.1070	657.8443
170	496.0000	701.0000	376.2687	666.9447
171	152.0000	939.0000	39.1284	902.3967
172	617.0000	383.0000	495.0575	350.6076
173	275.0000	1138.0000	160.9722	1097.8941
174	737.0000	727.0000	614.6629	692.2940
175	649.0000	839.0000	527.6482	803.3311
176	440.0000	1080.0000	322.3697	1040.8551
177	470.0000	928.0000	351.2157	891.2912
178	502.0000	930.0000	383.1936	893.2653
179	472.0000	321.0000	351.0992	289.4273
180	283.0000	784.0000	166.8431	749.3147
181	488.0000	125.0000	366.0311	93.6522
182	232.0000	983.0000	118.0530	945.6991
183	153.0000	487.0000	36.9129	455.5185
184	186.0000	745.0000	71.2996	711.0389
185	167.0000	227.0000	49.0078	196.9651
186	284.0000	646.0000	167.1553	612.8668
187	198.0000	545.0000	81.7314	512.9927
188	427.0000	907.0000	309.1500	870.6449
189	473.0000	496.0000	352.7257	463.5071
190	433.0000	702.0000	314.3098	668.1087
191	482.0000	810.0000	363.0215	774.8095
192	297.0000	1015.0000	180.5571	976.8755
193	205.0000	47.0000	85.3451	17.0611
194	580.0000	67.0000	457.3552	35.1353
195	472.0000	193.0000	350.4649	161.6593
196	656.0000	138.0000	532.9314	105.7825
197	262.0000	972.0000	146.3681	934.7910
198	618.0000	48.0000	494.8262	15.8062
199	461.0000	164.0000	339.4040	132.6838
200	138.0000	384.0000	21.4846	353.4316
201	538.0000	1030.0000	418.9387	991.7556
202	253.0000	1024.0000	138.8383	985.8785
203	353.0000	376.0000	233.6921	344.6420
204	376.0000	146.0000	255.0976	115.0805
205	660.0000	97.0000	536.7281	64.6906
206	136.0000	912.0000	23.2483	875.8204
207	703.0000	193.0000	579.6805	160.5921
208	503.0000	839.0000	383.8579	803.4670
209	724.0000	450.0000	601.3147	417.0382
210	668.0000	744.0000	546.4939	709.2724
211	450.0000	647.0000	330.7371	613.5335
212	729.0000	790.0000	606.8548	754.6915
213	195.0000	275.0000	77.0192	244.6463
214	741.0000	115.0000	617.3116	82.4100
215	608.0000	1110.0000	488.2359	1070.5476
216	229.0000	1100.0000	115.4290	1060.5389
217	647.0000	370.0000	524.8309	337.6817
218	492.0000	431.0000	371.0062	398.7406
219	323.0000	623.0000	205.4341	590.0364
220	177.0000	587.0000	61.2774	554.6469
221	634.0000	428.0000	511.9958	395.3608
222	627.0000	1070.0000	506.0464	1031.0504
223	180.0000	192.0000	61.6183	161.9504
224	244.0000	219.0000	125.0814	188.6137
225	462.0000	350.0000	341.3757	318.3812
226	270.0000	518.0000	152.5902	486.0307
227	718.0000	532.0000	595.4220	498.5923
228	234.0000	559.0000	117.3338	526.7672
229	715.0000	672.0000	592.8620	637.7351
230	158.0000	814.0000	44.2620	779.1972
231	406.0000	206.0000	285.0211	174.8848
232	323.0000	653.0000	205.6031	619.7059
233	182.0000	304.0000	64.4012	273.6150
234	443.0000	1146.0000	326.1405	1105.8989
235	493.0000	216.0000	371.3879	184.5429
236	160.0000	263.0000	42.4121	232.9147
237	235.0000	255.0000	116.4027	224.5385
238	249.0000	390.0000	131.0986	358.9071
239	196.0000	1091.0000	83.2554	1051.8050
240	742.0000	405.0000	619.0726	372.2390
241	401.0000	383.0000	281.1859	351.4465
242	165.0000	1156.0000	52.7412	1115.5310
243	376.0000	176.0000	255.1598	145.0422
244	475.0000	389.0000	354.4316	357.1801
245	348.0000	307.0000	228.3480	275.9616
246	601.0000	438.0000	479.4019	405.4760
247	389.0000	695.0000	270.8273	661.2367
248	179.0000	691.0000	64.1520	657.6368
249	268.0000	320.0000	149.4352	289.2495
250	353.0000	650.0000	235.1564	616.6948
251	648.0000	469.0000	526.0374	436.1693
252	521.0000	672.0000	400.8407	638.1149
253	185.0000	391.0000	67.9005	360.1313
254	612.0000	209.0000	489.4459	177.0887
255	311.0000	396.0000	192.3463	364.6440
256	634.0000	924.0000	513.3320	887.1506
257	162.0000	64.0000	42.8657	34.2257
258	310.0000	343.0000	191.0514	311.9920
259	669.0000	664.0000	547.4886	629.9203
260	677.0000	493.0000	554.8163	460.0167
261	603.0000	127.0000	480.2307	95.0734
262	512.0000	366.0000	390.9135	334.1490
263	413.0000	354.0000	292.8448	322.5177
264	360.0000	52.0000	238.7318	21.2551
265	603.0000	306.0000	480.8202	273.9385
266	468.0000	690.0000	348.6656	656.1483
267	502.0000	1007.0000	383.1569	969.0547
268	674.0000	177.0000	550.9746	144.8096
269	376.0000	625.0000	257.5683	591.8654
270	388.0000	1077.0000	271.1072	1037.9536
271	300.0000	814.0000	183.8326	779.0285
272	142.0000	636.0000	27.1006	603.2627
273	298.0000	1118.0000	183.5999	1078.4550
274	728.0000	756.0000	605.7912	721.0032
275	702.0000	701.0000	579.9726	666.5181
276	297.0000	750.0000	180.6009	715.7637
277	381.0000	663.0000	262.7764	629.5212
278	698.0000	732.0000	576.1666	697.2853
279	301.0000	458.0000	182.7371	426.3588
280	218.0000	201.0000	99.2920	170.8098
281	398.0000	601.0000	279.3027	568.0715
282	356.0000	1136.0000	240.6579	1096.0862
283	426.0000	669.0000	307.2136	635.4265
284	311.0000	697.0000	193.9603	663.3309
285	407.0000	765.0000	288.9128	730.4653
286	220.0000	810.0000	104.7418	775.1166
287	707.0000	484.0000	584.6192	450.8846
288	702.0000	635.0000	579.8962	601.1516
289	166.0000	905.0000	52.7152	868.9169
290	518.0000	272.0000	396.4233	240.3968
291	266.0000	907.0000	150.8761	870.6498
292	271.0000	412.0000	152.9258	380.6723
293	353.0000	737.0000	235.5297	702.7740
